0	33	[][][][][][][][][][][][][][][][][][][][][][][][][][][][][][][][][]
14	1	[]
21	1	[]
24.8	1	[]
25.6	1	[]
26	1	[]
26.1	1	[]
26.6	1	[]
27	1	[]
27.2	1	[]
27.8	1	[]
28.6	1	[]
31.7	1	[]
32	1	[]
32.4	1	[]
33	1	[]
33.4	1	[]
34	1	[]
34.3	1	[]
34.6	1	[]
34.9	1	[]
35	1	[]
35.1	1	[]
36	1	[]
36.3	1	[]
37.4	1	[]
37.6	1	[]
38	1	[]
38.5	2	[][]
38.6	1	[]
38.8	1	[]
39.2	1	[]
40.9	1	[]
41.2	1	[]
41.4	1	[]
42.7	1	[]
42.8	2	[][]
42.9	1	[]
43.7	2	[][]
44.8	1	[]
45.6	1	[]
45.8	1	[]
46.2	1	[]
46.9	1	[]
47.5	1	[]
47.8	1	[]
47.9	1	[]
49.2	1	[]
49.3	1	[]
49.4	1	[]
49.8	1	[]
51	1	[]
51.8	1	[]
90.3	1	[]
95.5	1	[]
103.6	1	[]
106.8	1	[]
110.2	1	[]
