24.2	1	[]
25	1	[]
26.5	1	[]
31	1	[]
35.5	1	[]
37	3	[][][]
39	1	[]
40	1	[]
42	2	[][]
42.3	1	[]
43	1	[]
44	1	[]
45.3	1	[]
47	1	[]
47.8	1	[]
48	2	[][]
49	1	[]
50	2	[][]
50.3	1	[]
50.6	1	[]
51	3	[][][]
52	2	[][]
53	1	[]
53.5	1	[]
54	3	[][][]
55	1	[]
56	5	[][][][][]
57	3	[][][]
57.5	1	[]
58	2	[][]
58.8	1	[]
59	2	[][]
59.1	1	[]
60	4	[][][][]
61	3	[][][]
62	4	[][][][]
63	1	[]
63.3	1	[]
63.6	1	[]
64	5	[][][][][]
64.7	1	[]
65	2	[][]
65.1	1	[]
66	6	[][][][][][]
66.9	1	[]
67	1	[]
68	3	[][][]
69	1	[]
70	3	[][][]
74	2	[][]
75	2	[][]
